\begin{table}
	\caption{Correlation between Metrics}
	\label{tableMetricCorr}
	\centering
	\scalebox{0.83}{
		\begin{tabular}{ | c | c | c | c | c | c | c | c | c | }
			\hline
			& \#V & \#E & A. Inst & R. Inst & deg & a2a & $\text{cvg}_\text{src}$ & $\text{cvg}_\text{tar}$ \\
			\hline
			\#V & 1 & \textbf{0.92} & \textbf{0.68} & \textbf{0.66} & \textbf{0.68} & 0.16 & 0.33 & 0.37 \\
			\#E & \textbf{0.92} & 1 & \textbf{0.69} & \textbf{0.69} & \textbf{0.86} & 0.16 & 0.34 & 0.38 \\
			A. Inst & \textbf{0.68} & \textbf{0.69} & 1 & \textbf{0.91} & 0.58 & 0.01 & 0.23 & 0.27 \\
			R. Inst & \textbf{0.66} & \textbf{0.69} & \textbf{0.91} & 1 & 0.59 & 0.01 & 0.21 & 0.25 \\
			deg & \textbf{0.68} & \textbf{0.86} & 0.58 & 0.59 & 1 & 0.11 & 0.24 & 0.29 \\
			a2a & 0.16 & 0.16 & 0.01 & 0.01 & 0.11 & 1 & 0.17 & 0.17 \\
			$\text{cvg}_\text{src}$ & 0.33 & 0.34 & 0.23 & 0.21 & 0.24 & 0.17 & 1 & \textbf{0.71} \\
			$\text{cvg}_\text{tar}$ & 0.37 & 0.38 & 0.27 & 0.25 & 0.29 & 0.17 & \textbf{0.71} & 1 \\
			\hline
		\end{tabular}
	}
\end{table}
