\begin{table}
	\caption{Correlation between Metrics}
	\label{tableMetricCorr}
	\begin{center}
	\scalebox{0.88}{
		\begin{tabular}{ | c | c | c | c | c | c | c | c | c | }
			\hline
			& \#V & \#E & A. Inst & R. Inst & deg & a2a & cvg src & cvg tar \\
			\hline
			\#V & 1 & 0.93 & 0.58 & 0.59 & 0.69 & 0.23 & 0.45 & 0.49 \\
			\#E & 0.93 & 1 & 0.63 & 0.71 & 0.83 & 0.25 & 0.51 & 0.55 \\
			A. Inst & 0.58 & 0.63 & 1 & 0.81 & 0.43 & 0.2 & 0.44 & 0.46 \\
			R. Inst & 0.59 & 0.71 & 0.81 & 1 & 0.56 & 0.22 & 0.48 & 0.52 \\
			deg & 0.69 & 0.83 & 0.43 & 0.56 & 1 & 0.18 & 0.41 & 0.46 \\
			a2a & 0.23 & 0.25 & 0.2 & 0.22 & 0.18 & 1 & 0.38 & 0.37 \\
			cvg src & 0.45 & 0.51 & 0.44 & 0.48 & 0.41 & 0.38 & 1 & 0.91 \\
			cvg tar & 0.49 & 0.55 & 0.46 & 0.52 & 0.46 & 0.37 & 0.91 & 1 \\
			\hline
		\end{tabular}
	}
	\end{center}
\end{table}
